16.0   8   302.0      140.0      4141.      14.0   74  1	"ford gran torino"
26.0   4   121.0      113.0      2234.      12.5   70  2	"bmw 2002"
14.0   8   318.0      150.0      4237.      14.5   73  1	"plymouth fury gran sedan"
14.0   8   454.0      220.0      4354.       9.0   70  1	"chevrolet impala"
24.0   4   113.0      95.00      2372.      15.0   70  3	"toyota corona mark ii"
22.0   6   232.0      112.0      2835       14.7   82  1	"ford granada l"
20.0   6   232.0      100.0      2914.      16.0   75  1	"amc gremlin"
27.0   4   101.0      83.00      2202.      15.3   76  2	"renault 12tl"
25.0   4   104.0      95.00      2375.      17.5   70  2	"saab 99e"
23.0   6   198.0      95.00      2904.      16.0   73  1	"plymouth duster"
28.0   4   98.00      80.00      2164.      15.0   72  1	"dodge colt (sw)"
18.0   6   225.0      95.00      3785.      19.0   75  1	"plymouth fury"
19.0   6   232.0      90.00      3211.      17.0   75  1	"amc pacer"
13.0   8   350.0      145.0      4055.      12.0   76  1	"chevy c10"
13.0   8   400.0      175.0      5140.      12.0   71  1	"pontiac safari (sw)"
15.0   8   318.0      150.0      3399.      11.0   73  1	"dodge dart custom"
