12.0   8   455.0      225.0      4951.      11.0   73  1	"buick electra 225 custom"
16.0   6   250.0      105.0      3897.      18.5   75  1	"chevroelt chevelle malibu"
26.0   4   96.00      69.00      2189.      18.0   72  2	"renault 12 (sw)"
14.0   8   304.0      150.0      3672.      11.5   73  1	"amc matador"
14.0   8   351.0      153.0      4129.      13.0   72  1	"ford galaxie 500"
24.0   4   119.0      97.00      2545.      17.0   75  3	"datsun 710"
22.0   4   121.0      98.00      2945.      14.5   75  2	"volvo 244dl"
36.0   4   79.00      58.00      1825.      18.6   77  2	"renault 5 gtl"
20.0   4   97.00      88.00      2279.      19.0   73  3	"toyota carina"
27.0   4   151.0      90.00      2950.      17.3   82  1	"chevrolet camaro"
25.0   4   90.00      71.00      2223.      16.5   75  2	"volkswagen dasher"
23.0   4   140.0      78.00      2592.      18.5   75  1	"pontiac astro"
32.0   4   91.00      67.00      1965.      15.7   82  3	"honda civic (auto)"
21.0   6   231.0      110.0      3039.      15.0   75  1	"buick skyhawk"
28.0   4   140.0      90.00      2264.      15.5   71  1	"chevrolet vega 2300"
31.0   4   71.00      65.00      1773.      19.0   71  3	"toyota corolla 1200"
18.0   6   250.0      105.0      3459.      16.0   75  1	"chevrolet nova"
18.0   6   199.0      97.00      2774.      15.5   70  1	"amc hornet"
19.0   4   122.0      85.00      2310.      18.5   73  1	"ford pinto"
30.0   4   79.00      70.00      2074.      19.5   71  2	"peugeot 304"
13.0   8   360.0      170.0      4654.      13.0   73  1	"plymouth custom suburb"
13.0   8   350.0      175.0      4100.      13.0   73  1	"buick century 350"
17.0   8   304.0      150.0      3672.      11.5   72  1	"amc ambassador sst"
29.0   4   90.00      70.00      1937.      14.2   76  2	"vw rabbit"
15.0   8   302.0      130.0      4295.      14.9   77  1	"mercury cougar brougham"
15.0   8   350.0      145.0      4440.      14.0   75  1	"chevrolet bel air"
